Sarah Adams
99.5 82.75 75.1 96.4 95.0
93.5 95.2 95.5
James Smith
86.4 84.5 59.6 74.5 49.7
100 64.5 88.7
Joshua Wright
54 0 69.5 89 100
50.5 97.8 85.3
Natalie Brooks
93.1 97.2 60 94.3 68
90 93.5 90
Wilbur Scott 
61.5 72 59 80 100
80 94.7 96.5
David White
82.2 78.5 96.3 93.1 84 
60 74 58.5
Megan Donald
88.5 81.5 64.5 84 90.4
100 81.5 92
Emily Jones
10.5 55 65.4 88.3 99 
80.5 88 92.7
Sydney Davis
72 82 100 82 80 
55.3 76.4 73.2
Lily Johnson
87.1 85.2 100 89.3 84.5 
85 89 80
Tay Taylor
51.4 55 62.5 70 78.5 
64.3 69.4 70.5
James Moore
61.4 85.2 82 72.5 79 
74.6 79.4 80.25
Mark Martin
91.8 85 97.5 90 95.3 
94.3 89.4 80.5
Robert Hill
81.4 85 69.5 90 88.5 
74.3 89.4 85.5
David Young
74.4 85 82.5 80 72.9 
59.3 65.8 50.5
